              precision    recall  f1-score   support

           0       0.82      0.75      0.78        12
           1       0.89      0.80      0.84        10
           2       0.89      0.80      0.84        10
           3       1.00      0.75      0.86         8
           4       1.00      1.00      1.00        12
           5       1.00      0.88      0.93         8
           6       0.69      0.90      0.78        10
           7       1.00      1.00      1.00        11
           8       0.73      0.79      0.76        14
           9       0.92      0.85      0.88        13
          10       0.94      1.00      0.97        16
          11       0.83      0.83      0.83        12
          12       0.79      0.85      0.81        13
          13       0.92      0.92      0.92        12
          14       1.00      1.00      1.00        10
          15       0.92      1.00      0.96        11

    accuracy                           0.88       182
   macro avg       0.90      0.88      0.89       182
weighted avg       0.89      0.88      0.89       182
